1000
60
8 123
996 46
84 653
763 757
303 351
313 759
76 576
648 107
809 750
853 927
894 770
114 816
38 852
170 250
157 265
159 460
10 829
631 868
799 406
93 610
507 855
508 348
8 133
183 670
336 762
803 619
659 971
750 996
819 856
872 916
16 312
351 198
720 575
394 947
854 717
707 820
571 499
791 616
218 461
666 186
485 807
139 995
558 629
399 327
247 211
521 599
667 973
215 210
437 964
656 672
238 694
609 493
277 952
863 542
262 395
958 620
533 25
88 770
739 562
274 772
71 815
512 942
873 306
865 6
47 704
461 207
50 908
818 379
227 994
982 932
399 660
951 535
618 820
918 245
111 247
482 999
630 346
489 406
982 676
154 973
849 432
253 171
415 621
987 809
555 372
146 916
746 981
225 455
729 205
434 744
278 784
69 757
671 512
553 571
359 840
365 747
95 375
893 825
249 492
24 122
7 554
486 706
146 552
295 352
783 8
151 470
59 97
989 992
424 692
11 560
152 600
951 452
125 978
560 397
875 364
397 132
573 128
831 955
180 922
702 438
86 136
849 476
955 230
663 574
563 322
91 506
164 377
893 972
559 140
834 450
961 299
221 307
319 155
23 547
467 639
690 85
252 185
284 878
658 691
407 346
270 551
549 469
471 439
449 152
441 825
776 45
248 619
846 865
347 111
276 54
996 419
487 290
379 216
981 127
450 540
977 952
236 638
590 412
846 710
183 858
919 286
68 994
484 561
458 964
844 79
170 87
746 914
825 431
801 872
999 292
194 469
696 124
760 443
681 340
813 649
325 256
805 598
869 556
616 529
5 366
494 647
331 499
98 351
59 114
97 853
910 97
420 681
513 554
856 547
682 361
975 822
101 717
559 926
124 232
841 359
325 557
860 700
821 125
312 888
770 598
614 956
919 505
252 414
824 174
735 698
109 742
865 127
820 293
450 337
783 402
498 599
284 412
308 449
139 195
775 423
74 888
614 0
20 769
327 494
873 317
193 2
231 192
822 18
110 588
432 756
289 893
640 925
135 831
193 474
401 518
803 482
63 778
268 270
124 189
409 470
736 394
602 562
483 947
691 729
422 839
78 354
558 158
278 740
234 691
463 4
916 645
393 499
253 25
931 713
912 56
541 794
120 697
277 971
365 322
731 258
178 688
352 487
538 785
9 562
377 234
306 554
799 794
565 231
455 234
217 725
390 183
839 390
286 718
512 267
178 426
387 831
228 61
491 776
714 505
132 826
632 842
614 697
286 626
730 922
178 344
857 271
801 558
988 390
62 645
390 318
13 335
878 53
481 361
785 320
729 299
276 887
10 589
959 244
214 864
300 592
226 655
495 67
173 232
320 974
516 266
803 78
346 372
169 912
157 192
711 115
956 531
924 446
820 833
865 671
530 809
136 973
530 43
679 211
366 338
134 10
555 922
363 298
349 966
815 36
131 110
74 550
349 884
265 812
210 698
296 143
750 169
178 381
704 64
133 534
25 335
419 278
112 343
402 11
523 905
965 701
968 247
28 452
26 203
663 939
559 714
904 128
446 964
509 828
654 602
877 269
161 501
458 197
847 247
684 855
623 112
167 30
57 376
938 922
886 555
617 960
785 830
973 372
791 213
366 662
865 350
330 30
106 773
728 493
972 517
389 226
797 528
160 525
415 435
649 67
774 849
107 783
954 571
643 713
724 585
168 670
557 887
154 236
689 606
200 64
59 493
570 182
722 805
236 92
497 390
643 412
757 897
554 236
687 211
310 299
881 531
608 194
213 945
296 780
73 578
119 684
319 500
229 866
945 866
120 689
193 532
622 208
703 863
218 338
124 108
826 941
386 440
1 292
766 864
145 729
990 310
480 11
109 660
3 63
470 580
584 54
765 777
965 995
792 158
326 303
308 985
707 883
516 812
640 849
965 584
55 856
765 29
856 378
609 587
152 515
69 830
471 296
399 578
611 138
157 483
235 774
492 783
198 458
226 266
225 622
747 885
799 628
896 901
402 597
671 835
224 794
723 277
458 91
563 529
478 960
752 609
204 386
928 816
861 285
497 519
239 349
103 812
405 9
621 655
323 184
362 178
976 327
675 997
332 804
767 780
288 730
232 901
781 681
156 793
989 585
131 487
350 147
579 287
381 908
792 930
55 847
159 403
242 998
489 754
194 445
277 245
703 963
230 283
636 221
668 383
466 625
246 5
755 92
981 564
795 136
139 256
17 262
890 635
251 947
18 783
583 258
602 274
342 151
952 759
346 771
531 157
801 817
397 790
714 83
959 734
628 610
636 462
493 240
975 180
16 187
553 633
176 513
114 822
273 347
985 452
590 31
167 919
500 470
45 606
454 14
957 849
570 821
110 375
96 355
770 676
851 770
354 459
168 493
193 262
691 170
653 71
450 725
602 521
969 779
120 968
731 104
293 754
562 549
254 880
806 137
966 37
569 587
713 602
708 697
514 868
602 81
841 131
418 9
120 359
746 124
468 817
110 652
473 99
664 383
71 93
850 848
928 357
463 90
931 802
183 483
563 237
265 19
576 957
299 7
447 654
29 606
797 317
843 792
231 202
185 350
237 665
385 410
788 679
407 276
291 751
798 965
174 622
124 956
974 145
24 355
25 816
68 589
797 679
525 822
216 785
623 543
844 434
718 268
294 295
535 124
893 876
413 605
711 306
799 521
183 338
78 537
907 843
853 132
778 708
241 843
931 270
464 149
704 729
758 874
602 274
618 246
134 573
559 221
924 141
134 941
448 397
665 44
537 906
186 23
575 423
298 211
907 596
470 996
278 333
988 168
467 930
243 47
504 912
184 282
543 587
85 541
524 542
484 34
695 209
233 922
753 110
397 699
419 888
847 337
329 608
37 858
198 813
888 203
57 191
165 456
637 96
312 316
623 168
123 341
152 692
996 178
603 682
925 829
808 116
957 551
558 110
644 100
839 110
427 484
581 215
490 715
930 705
539 526
78 824
891 866
418 520
897 459
377 482
559 565
382 86
22 91
31 381
222 106
577 625
898 256
918 827
378 535
874 80
986 848
811 210
560 37
39 839
115 688
615 552
934 769
576 232
260 584
466 967
886 671
682 234
568 75
538 568
905 351
873 667
385 189
589 745
309 866
683 791
974 349
521 473
159 172
292 336
69 346
715 984
825 817
548 797
865 904
876 962
29 113
666 933
420 938
29 458
991 437
428 83
261 727
804 89
214 249
244 345
291 942
580 390
802 106
852 14
952 787
353 964
295 88
274 826
991 114
441 977
73 58
948 871
774 513
843 843
134 78
437 687
228 152
195 955
406 784
534 922
347 433
164 171
69 415
341 574
15 489
604 713
664 125
737 855
852 479
267 548
27 789
354 599
331 634
243 11
657 717
405 796
533 957
673 539
499 267
686 46
582 372
18 95
623 890
628 511
787 390
798 631
746 492
865 979
340 114
168 323
318 142
239 992
674 188
596 863
181 513
723 452
769 471
511 527
883 181
484 228
335 865
754 593
111 365
308 209
162 500
47 247
849 287
366 138
862 481
658 124
917 59
262 670
748 956
496 212
79 193
292 888
580 541
683 406
901 405
184 211
83 227
795 75
360 500
983 318
925 392
278 294
994 686
596 199
252 257
160 651
336 363
127 177
366 533
299 769
864 936
729 519
826 131
576 738
380 425
277 960
771 622
28 600
374 982
617 979
283 458
436 351
841 240
834 386
377 733
936 960
678 642
91 416
187 953
659 273
107 458
598 957
180 998
992 15
877 527
616 310
534 426
254 454
151 858
857 535
729 522
29 236
624 607
41 619
930 368
767 292
817 419
388 599
484 141
967 734
468 645
958 277
514 493
396 794
582 526
495 996
378 16
542 732
820 467
640 610
899 356
176 694
337 447
588 44
271 926
28 939
334 771
951 570
97 216
401 247
808 928
18 430
872 969
784 714
30 329
844 403
634 634
418 612
696 764
730 535
233 165
291 656
672 263
127 115
721 390
2 386
724 708
676 631
567 275
214 275
505 455
249 248
19 478
618 129
881 300
441 860
318 87
41 89
614 228
778 907
236 500
394 767
908 542
618 229
59 2
940 42
122 703
131 479
378 370
82 178
721 901
535 568
378 847
289 459
155 221
251 77
648 253
85 362
725 746
960 699
856 897
967 908
245 335
493 947
195 285
401 435
579 801
318 173
601 266
111 250
932 135
40 48
31 421
47 438
314 204
977 637
82 620
961 653
884 689
484 353
394 488
808 576
524 157
27 313
608 115
63 674
404 303
907 605
927 65
277 824
855 183
459 535
662 736
536 360
590 866
932 707
483 521
341 420
904 21
593 886
865 742
430 246
959 623
768 145
395 892
361 323
802 993
416 869
886 304
400 250
165 934
656 94
666 979
443 660
450 661
774 314
881 800
439 523
115 484
597 65
878 874
218 628
68 356
68 804
279 9
371 839
749 673
438 863
763 539
710 67
790 217
668 968
68 460
70 300
761 482
316 608
158 296
777 511
267 981
21 631
157 590
159 162
395 71
464 169
