250
30
104 154
56 13
166 169
102 132
228 38
96 143
16 242
197 0
88 108
26 245
236 214
193 173
83 215
138 20
163 52
24 63
191 243
126 71
57 199
164 33
154 224
52 209
213 47
145 171
208 24
25 103
219 37
121 91
247 230
244 139
67 206
224 195
170 34
150 115
67 240
207 64
149 76
57 240
55 170
86 145
209 48
86 249
214 163
228 98
17 199
120 82
62 117
30 238
10 107
198 182
175 8
237 141
128 103
67 44
69 89
4 217
51 53
229 33
160 217
47 8
210 244
127 149
230 210
82 123
136 40
6 79
115 90
227 214
59 129
57 106
175 91
72 227
189 152
217 182
85 198
186 230
71 140
28 177
9 147
45 220
46 142
204 48
76 198
173 128
176 150
174 124
135 22
176 212
63 179
161 103
83 13
123 193
7 208
183 177
162 26
245 84
91 140
200 134
160 60
157 197
156 41
55 203
242 248
138 177
236 165
49 51
154 181
129 177
120 189
66 158
94 150
126 242
233 206
104 83
12 17
164 198
242 124
82 221
74 169
193 74
211 21
120 215
42 126
10 171
21 97
146 127
19 54
107 100
164 102
178 30
212 191
38 17
130 112
67 199
164 143
155 122
42 123
33 198
222 136
246 74
101 124
7 61
70 144
10 93
173 155
46 249
121 17
228 231
107 170
73 117
183 72
132 76
216 103
0 247
130 26
41 198
26 8
53 131
117 206
173 170
207 80
136 89
60 19
10 122
82 204
52 118
227 244
89 180
90 140
224 127
118 207
6 70
87 152
156 231
181 160
53 243
72 35
58 39
25 63
238 243
139 165
84 246
216 20
52 236
43 59
126 199
30 215
212 148
82 17
107 3
238 51
163 148
6 127
91 174
200 68
122 15
74 137
25 188
227 171
11 148
178 26
42 143
100 238
94 218
2 114
209 90
131 132
176 9
117 243
139 209
92 213
70 208
163 231
46 55
234 122
20 180
204 6
219 84
241 164
52 114
95 52
1 4
91 225
46 120
50 101
86 209
224 226
205 84
206 17
162 158
227 24
104 234
52 205
152 56
49 66
48 22
128 11
139 150
172 128
22 16
126 3
155 213
2 123
14 139
189 166
72 216
248 216
180 112
22 105
52 236
